 nsource=
    1000
 zk=
  0.20000E+02  0.00000E+00
 ntarget=
    1000
 iprec=
       4
 epsfmm=
  0.50000E-12
 nbox=
      14
 time in d2tallbem=
  0.16391E-02
 lused: ccenters(k)=
       9
 lused(k)=
      16
 time in d2tlsts=
  0.26894E-03
 lused(k)=
      31
 time in d2tstcr=
  0.25880E-02
 scale=
  0.10000E+01  0.10000E+01  0.10000E+01  0.10000E+01  0.10000E+01  0.10000E+01
  0.10000E+01  0.78125E+00  0.39062E+00
  lused7 is 
   34006
 in hfmm2dpart, bsize(0) zk/2 pi=
  0.15915E+02
 zk=
  0.20000E+02  0.00000E+00
 bsize=
  0.50000E+01  0.25000E+01  0.12500E+01  0.62500E+00  0.31250E+00  0.15625E+00
  0.78125E-01  0.39062E-01  0.19531E-01
 finished reordering=
       0
 ier=
       0
 nboxes=
     458
 nlev=
       8
 nboxes=
     458
 lused7=
   35116
  lmptot is 
  135801
  lused7 is 
  135802
 === STEP 1 (form mp) ====
 === STEP 2 (form lo) ====
 === STEPS 3,4,5 ====
 === STEP 3 (merge mp) ===
 === STEP 4 (mp to lo) ===
 === STEP 5 (split lo) ===
 === STEP 6 (eval mp) ====
 === STEP 7 (eval lo) ====
 === STEP 8 (direct) =====
 timeinfo=
  0.13800E-02  0.10939E-02  0.62652E-02  0.72050E-02  0.57290E-02  0.16451E-02
  0.20652E-02  0.61870E-02
 total time=
  0.31570E-01
 nboxes=
     458
 nsource=
    1000
 ntarget=
    1000
 time in fmm main=
  0.32623E-01
 lwlists=
   31601
 lused total =
  135802
 memory / point = 
  0.13580E+03
 nsource=
    1000
 ntarget=
    1000
 after fmm, time (sec)=
  0.39163E-01
 after fmm, speed (points+targets/sec)=
  0.51068E+05
 after fmm, pot=
  -.51222E+05  -.78636E+05  -.67868E+05  0.83887E+03  -.20341E+06  -.15410E+06
  -.65466E+05  0.72374E+05  0.15816E+05  0.95291E+04  -.24850E+05  0.62281E+05
  0.26981E+07  0.14052E+07  0.59061E+05  -.29388E+05  -.12451E+07  -.68827E+06
  -.40174E+05  0.52756E+05  0.11999E+05  0.63697E+04  0.22216E+06  0.21059E+06
 after fmm, grad=
  0.90898E+07  0.64573E+07  0.71001E+07  0.58992E+07  0.38984E+08  0.21671E+08
  -.13400E+08  -.67484E+07  0.16391E+08  0.99811E+07  -.50104E+08  -.24185E+08
  -.52938E+08  -.27605E+08  0.20493E+08  0.13030E+08  -.70303E+08  -.35791E+08
  0.18490E+08  0.12224E+08  0.31865E+07  0.32802E+07  -.98263E+07  -.56366E+07
  -.29009E+11  -.14504E+11  -.55204E+11  -.27601E+11  -.43859E+08  -.22229E+08
  0.52132E+08  0.29432E+08  -.37905E+10  -.18964E+10  -.41926E+09  -.20870E+09
  0.45393E+11  0.22699E+11  0.71540E+11  0.35773E+11  -.53993E+07  -.37003E+07
  -.62988E+07  -.37725E+07  -.21168E+09  -.10713E+09  0.99323E+08  0.52291E+08
 after fmm, hess=
  0.31368E+10  0.15679E+10  0.14688E+09  0.89393E+08  -.31163E+10  -.15364E+10
  -.12157E+10  -.63209E+09  0.15793E+11  0.78870E+10  0.12429E+10  0.63175E+09
  0.35895E+11  0.17960E+11  0.10188E+11  0.50929E+10  -.35814E+11  -.17898E+11
  -.48104E+11  -.24063E+11  0.26218E+10  0.13145E+10  0.48130E+11  0.24034E+11
  0.68272E+11  0.34134E+11  0.97431E+10  0.48564E+10  -.68279E+11  -.34138E+11
  0.15213E+10  0.74370E+09  0.69961E+09  0.35293E+09  -.15114E+10  -.76861E+09
  -.16473E+16  -.82366E+15  0.23408E+16  0.11704E+16  0.16473E+16  0.82365E+15
  0.50964E+11  0.25473E+11  -.50474E+11  -.25246E+11  -.50987E+11  -.25461E+11
  -.17855E+14  -.89275E+13  -.15617E+14  -.78085E+13  0.17855E+14  0.89277E+13
  -.85316E+16  -.42658E+16  -.45601E+16  -.22800E+16  0.85316E+16  0.42658E+16
  -.20877E+09  -.11367E+09  0.77008E+09  0.38823E+09  0.20397E+09  0.11113E+09
  0.39452E+12  0.19726E+12  -.46034E+11  -.23012E+11  -.39461E+12  -.19734E+12
 directly, pot=
  -.51222E+05  -.78636E+05  -.67868E+05  0.83887E+03  -.20341E+06  -.15410E+06
  -.65466E+05  0.72374E+05  0.15816E+05  0.95291E+04  -.24850E+05  0.62281E+05
  0.26981E+07  0.14052E+07  0.59061E+05  -.29388E+05  -.12451E+07  -.68827E+06
  -.40174E+05  0.52756E+05  0.11999E+05  0.63697E+04  0.22216E+06  0.21059E+06
 directly, grad=
  0.90898E+07  0.64573E+07  0.71001E+07  0.58992E+07  0.38984E+08  0.21671E+08
  -.13400E+08  -.67484E+07  0.16391E+08  0.99811E+07  -.50104E+08  -.24185E+08
  -.52938E+08  -.27605E+08  0.20493E+08  0.13030E+08  -.70303E+08  -.35791E+08
  0.18490E+08  0.12224E+08  0.31865E+07  0.32802E+07  -.98263E+07  -.56366E+07
  -.29009E+11  -.14504E+11  -.55204E+11  -.27601E+11  -.43859E+08  -.22229E+08
  0.52132E+08  0.29432E+08  -.37905E+10  -.18964E+10  -.41926E+09  -.20870E+09
  0.45393E+11  0.22699E+11  0.71540E+11  0.35773E+11  -.53993E+07  -.37003E+07
  -.62988E+07  -.37725E+07  -.21168E+09  -.10713E+09  0.99323E+08  0.52291E+08
 directly, hess=
  0.31368E+10  0.15679E+10  0.14688E+09  0.89393E+08  -.31163E+10  -.15364E+10
  -.12157E+10  -.63209E+09  0.15793E+11  0.78870E+10  0.12429E+10  0.63175E+09
  0.35895E+11  0.17960E+11  0.10188E+11  0.50929E+10  -.35814E+11  -.17898E+11
  -.48104E+11  -.24063E+11  0.26218E+10  0.13145E+10  0.48130E+11  0.24034E+11
  0.68272E+11  0.34134E+11  0.97431E+10  0.48564E+10  -.68279E+11  -.34138E+11
  0.15213E+10  0.74370E+09  0.69961E+09  0.35293E+09  -.15114E+10  -.76861E+09
  -.16473E+16  -.82366E+15  0.23408E+16  0.11704E+16  0.16473E+16  0.82365E+15
  0.50964E+11  0.25473E+11  -.50474E+11  -.25246E+11  -.50987E+11  -.25461E+11
  -.17855E+14  -.89275E+13  -.15617E+14  -.78085E+13  0.17855E+14  0.89277E+13
  -.85316E+16  -.42658E+16  -.45601E+16  -.22800E+16  0.85316E+16  0.42658E+16
  -.20877E+09  -.11367E+09  0.77008E+09  0.38823E+09  0.20397E+09  0.11113E+09
  0.39452E+12  0.19726E+12  -.46034E+11  -.23012E+11  -.39461E+12  -.19734E+12
 directly, estimated time (sec)=
  0.40084E+00
 directly, estimated speed (points/sec)=
  0.24948E+04
 relative L2 error in potential=
  0.51806E-15
 relative L2 error in gradient=
  0.13778E-14
 relative L2 error in hessian=
  0.10271E-14
 after fmm, pottarg=
  0.13868E+04  -.20679E+05  0.84798E+05  0.11075E+05  -.14276E+04  -.23568E+05
  0.11514E+05  0.21550E+05  0.20896E+05  -.39495E+05  0.57415E+03  -.89143E+05
  -.49644E+05  -.68111E+05  0.32170E+04  0.13924E+05  -.77640E+04  -.32880E+05
  -.14688E+04  0.17217E+05  -.19158E+05  0.24602E+05  -.33362E+05  -.70930E+04
 after fmm, gradtarg=
  0.40078E+06  0.17206E+05  -.10125E+06  -.56870E+05  -.19627E+06  0.15887E+07
  -.12724E+06  0.56563E+06  0.45945E+06  -.39993E+05  -.11084E+06  -.74198E+05
  -.41606E+06  0.22974E+06  0.11956E+06  -.11855E+05  0.77327E+06  0.40948E+06
  -.72337E+05  -.73462E+05  0.16808E+07  -.16403E+05  0.56280E+06  0.65782E+05
  0.12644E+07  -.94369E+06  0.50109E+06  -.28378E+06  -.26555E+06  0.75635E+05
  0.92496E+05  0.37217E+05  0.65794E+06  -.15370E+06  -.32800E+05  0.32793E+05
  -.33320E+06  -.16357E+05  0.89370E+05  0.60297E+05  -.50800E+06  -.39179E+06
  0.13935E+06  0.14019E+06  0.15329E+06  -.66983E+06  -.29589E+05  -.25163E+05
 after fmm, hesstarg=
  -.14366E+06  0.77792E+07  0.10755E+07  -.19368E+07  -.41106E+06  0.49257E+06
  -.29830E+08  -.34621E+07  -.10460E+08  -.23518E+07  -.40897E+07  -.96774E+06
  0.10295E+07  0.89609E+07  0.14366E+07  -.21275E+07  -.45841E+06  0.46632E+06
  -.45922E+07  -.80384E+07  0.21590E+06  0.23011E+07  -.13318E+05  -.58173E+06
  -.80303E+07  0.15142E+08  0.13950E+07  -.14084E+07  -.32813E+06  0.65566E+06
  0.73847E+06  0.31795E+08  -.94511E+06  0.10465E+08  -.96813E+06  0.38623E+07
  0.17965E+08  0.23527E+08  0.53204E+07  0.92276E+07  0.18923E+07  0.37173E+07
  -.17265E+07  -.50678E+07  -.66665E+06  0.17666E+07  0.43969E+06  -.50160E+06
  0.30418E+07  0.13167E+08  -.62560E+06  -.66325E+06  0.63835E+05  -.15299E+05
  0.84258E+05  -.64571E+07  -.11168E+07  0.17139E+07  0.50324E+06  -.42968E+06
  0.80286E+07  -.10452E+08  -.29048E+07  0.25320E+07  -.36551E+06  0.61120E+06
  0.13436E+08  0.32926E+07  0.54524E+06  -.55375E+06  -.91218E+05  -.45543E+06
 directly, pottarg=
  0.13868E+04  -.20679E+05  0.84798E+05  0.11075E+05  -.14276E+04  -.23568E+05
  0.11514E+05  0.21550E+05  0.20896E+05  -.39495E+05  0.57415E+03  -.89143E+05
  -.49644E+05  -.68111E+05  0.32170E+04  0.13924E+05  -.77640E+04  -.32880E+05
  -.14688E+04  0.17217E+05  -.19158E+05  0.24602E+05  -.33362E+05  -.70930E+04
 directly, gradtarg=
  0.40078E+06  0.17206E+05  -.10125E+06  -.56870E+05  -.19627E+06  0.15887E+07
  -.12724E+06  0.56563E+06  0.45945E+06  -.39993E+05  -.11084E+06  -.74198E+05
  -.41606E+06  0.22974E+06  0.11956E+06  -.11855E+05  0.77327E+06  0.40948E+06
  -.72337E+05  -.73462E+05  0.16808E+07  -.16403E+05  0.56280E+06  0.65782E+05
  0.12644E+07  -.94369E+06  0.50109E+06  -.28378E+06  -.26555E+06  0.75635E+05
  0.92496E+05  0.37217E+05  0.65794E+06  -.15370E+06  -.32800E+05  0.32793E+05
  -.33320E+06  -.16357E+05  0.89370E+05  0.60297E+05  -.50800E+06  -.39179E+06
  0.13935E+06  0.14019E+06  0.15329E+06  -.66983E+06  -.29589E+05  -.25163E+05
 directly, hesstarg=
  -.14366E+06  0.77792E+07  0.10755E+07  -.19368E+07  -.41106E+06  0.49257E+06
  -.29830E+08  -.34621E+07  -.10460E+08  -.23518E+07  -.40897E+07  -.96774E+06
  0.10295E+07  0.89609E+07  0.14366E+07  -.21275E+07  -.45841E+06  0.46632E+06
  -.45922E+07  -.80384E+07  0.21590E+06  0.23011E+07  -.13318E+05  -.58173E+06
  -.80303E+07  0.15142E+08  0.13950E+07  -.14084E+07  -.32813E+06  0.65566E+06
  0.73847E+06  0.31795E+08  -.94511E+06  0.10465E+08  -.96813E+06  0.38623E+07
  0.17965E+08  0.23527E+08  0.53204E+07  0.92276E+07  0.18923E+07  0.37173E+07
  -.17265E+07  -.50678E+07  -.66665E+06  0.17666E+07  0.43969E+06  -.50160E+06
  0.30418E+07  0.13167E+08  -.62560E+06  -.66325E+06  0.63835E+05  -.15299E+05
  0.84258E+05  -.64571E+07  -.11168E+07  0.17139E+07  0.50324E+06  -.42968E+06
  0.80286E+07  -.10452E+08  -.29048E+07  0.25320E+07  -.36551E+06  0.61120E+06
  0.13436E+08  0.32926E+07  0.54524E+06  -.55375E+06  -.91218E+05  -.45543E+06
 directly, estimated time (sec)=
  0.22350E+00
 directly, estimated speed (targets/sec)=
  0.44743E+04
 relative L2 error in target potential=
  0.28155E-14
 relative L2 error in target gradient=
  0.30628E-14
 relative L2 error in target hessian=
  0.29105E-14
